1467730
1053733
3078203
3058384
5486262
2439832
4331282
4301097
1765680
7894909
4785833
3398983
5292159
2445551
5423257
2385068
1040646
2511088
7746128
1438080
7359305
4387534
2892966
7264126
5899062
8149022
5229952
1534615
3569958
2103124
1048221
6210742
6303271
7569840
4791937
5513534
8207499
5379822
7904660
4651212
7019114
6846784
5433946
8222779
1464550
2739631
7410391
4040729
5007215
3159044
5988742
2676723
8260486
2438022
2920547
7195585
4385388
6572345
3541933
6217096
4788612
3023668
4542125
4536950
4999905
4425854
1105928
7852849
5119207
5620355
2590086
8168321
2272730
4748975
4803383
6132501
8298488
2281264
2342836
3478166
5031616
4217226
5774448
6090088
1609303
6230193
8133317
6813525
2098368
1940943
4519613
1719242
1426769
5085578
4475855
4354894
5785148
5872641
5290311
5095624
5180863
5986723
5797099
3777954
1065144
2422382
5009688
1507736
7858605
8282487
1310538
3286770
3000338
1059777
5601587
2494676
8315073
6815049
5700031
7324245
4917942
5976747
8382729
1861466
6868616
3425357
5605688
7939740
6517059
1413631
7135239
6360750
7964632
2983331
2118238
2174503
8113564
6882654
5611740
6057848
7288037
7089730
5819723
6004916
7537569
4789428
6228946
1966527
4522669
1045544
7803596
1324488
5478135
7369982
8152061
4787540
7401053
1919720
2784837
5568346
1252638
1282210
3871884
8119863
3308879
6626916
2243656
1595335
4131320
4405664
2415257
1170987
2561746
8384420
5600656
3981715
2841792
1513960
7890837
3068989
2101807
5178559
7783089
6381961
2767176
1825818
2994114
4335805
3074298
8161710
6450658
5968671
2879214
5714774
6520181
1803479
6131214
2446671
1539864
2866639
1142464
8225014
1174244
1403407
6223736
2013263
5153999
5599659
6818003
2827837
4012784
1263865
6759662
3786562
6431900
6443854
6846209
4977055
2310263
3136568
2885671
7078792
2402052
7466406
6795102
4468455
6072133
6813824
2738700
5619240
8165569
6572089
7383164
5945119
5646821
3540746
2630956
2443700
2407620
3448296
7752244
4165691
1087654
2707323
3426504
7130378
6978881
5660530
2536252
5798141
3581261
8204306
6347855
3937551
3717803
4468734
2235781
3752971
7096992
3297319
6740998
7397479
4415019
7527299
3076363
4481101
2775626
8174769
6753359
6893390
5476327
5935225
2357596
7704016
4918155
1463505
7492561
4531135
6317971
4529663
4788899
5869732
2603067
5404093
6155808
5803653
7189688
3366577
8333377
4264585
8337715
4477735
3482458
3066102
5076028
1385919
6592207
1117400
2763769
6724450
6679959
2328000
6538387
8303598
2119962
2595234
3080326
7425948
1227417
3062019
6790394
2439070
7328324
4631549
7334774
3176015
6575643
7643524
2581102
7173736
6685514
4456057
2509337
2387787
7206231
6189687
6419361
1527969
1087087
6501451
1313403
7581110
7746842
6592139
4974902
4335013
3580033
3132032
1383676
3084145
1581854
8086969
1450845
4420748
6836983
6644586
3398332
7161423
3141540
7652815
4801382
7565899
6345573
3807918
6396377
6240337
3992901
5718854
3543608
6255405
1927784
3413923
2093554
5536347
1189993
1559086
3409562
6168691
2716854
5462900
7849781
1455103
3444773
1935032
1489588
6420139
1338193
6379995
3470779
5725953
5750523
4340551
4009977
1868451
3025023
2615840
7732785
2480313
7750630
2151989
7842380
1302453
6123667
2292237
5468207
1919194
4141853
1297285
4714020
6284105
3189983
5286359
7182137
2559105
4274190
4302858
1113660
3435616
2374681
8356716
6358901
1124414
1418765
1469474
7885347
7267955
1754913
2208745
1206113
2380828
5918789
8022789
1813618
6935783
8234635
5059529
3539288
7211164
4254665
4081524
3150293
4555475
8076358
5775483
4716930
3288181
2829789
2193956
1290498
5665062
7974560
6616786
7692043
7297998
6152351
6776427
4362620
5581960
4266555
8150981
8200846
1750215
6570439
3973571
8198813
5665261
5822519
6490569
4416139
5131840
2966993
6822639
8356988
7661459
1873162
7329172
2321267
6104207
1573707
5228761
8360388
3452646
8305558
3106899
7395904
3993966
6234987
4687085
6070416
4153043
8216687
6391997
5954345
3175240
8387021
7869985
5019442
1983177
3448676
5846615
2430449
8078922
4036295
6737055
8272060
2975128
4711427
8141161
5945680
6027874
6985206
2972274
7610452
7340920
8040982
1395128
2988315
1523313
2873635
6879465
1922944
5215483
6730575
7520064
8284892
1114121
2230257
1479841
2530802
5549666
7930669
2144917
5959681
1236107
5545947
3330203
7378537
5559502
2783374
4662888
7496563
5137381
2276160
3599159
2895099
1492031
6421728
6834200
5396743
7893317
6159959
1102206
3972428
6150974
5897123
4223631
7626279
7807244
3585479
3154435
6904482
5142845
7619338
2760238
4685641
4312562
1737406
1254285
6909856
3328569
3906921
7012188
4574043
7329166
6388994
8105661
6119588
7599372
4160149
4460318
5103308
6925633
3259831
4927868
2865201
3601499
2389270
3126623
5956849
2230316
2594120
6350043
1997818
1462924
3111311
2878707
7522931
5018843
7751709
3472551
8044135
1533999
4632113
4043008
4512769
1648857
7767107
1937812
6607435
4165657
6184546
2831956
4367222
5038641
1373372
2382348
7956892
8245480
2358823
6122575
1253510
5820699
3202806
2956047
7216784
5298872
3534277
2670037
5004794
5550792
7850793
1478401
6517790
4670781
3743727
1548338
8007480
6262986
8231777
1323355
1027551
6116531
4106656
3931302
2469918
4195849
5308887
7504938
2159802
3062620
4069257
5772092
6650088
3256351
1307083
6601461
1385054
2244000
5144710
6357238
1469489
2707259
6577689
7575986
3781471
4417303
5752941
7106834
2519969
6900658
3590152
1893565
5090364
6069843
7990867
7835668
4857829
3643289
2254854
5893274
7229051
3673576
3525913
6935081
1728318
4310080
4939366
2632809
6476213
4132139
1146280
2047616
5514895
5766257
6464934
1273250
3317290
4781801
6677882
8054020
1528153
2375092
4800957
4195364
2335425
3345102
1566029
2076513
7804594
1617373
4067556
2021319
2182423
1395766
1884491
2608104
5104553
1954852
3482609
4573716
1617053
7503107
1435028
2551279
2373702
2635778
6261271
7847158
7693092
3680836
2427720
1557512
3141095
3613876
1679959
7919961
3880824
1380287
1192897
2097767
4291339
7606501
4552611
7475871
6144774
6392493
7192316
5009842
2363339
1385698
3096286
7359634
2245545
5759609
1066332
5681945
4036667
4674909
2960235
2574664
4390282
7142145
2673319
5630191
7350100
2390349
3631853
5613353
6918838
3948190
1956013
7149698
4882488
2065389
8044409
2107254
7815465
6671912
4611704
5620577
3497383
1244105
2055610
1985958
5554513
3980231
4424716
6486769
3273332
3374247
5172239
3128237
5343806
5709740
1121702
1454218
3026878
7744630
5825405
3214861
7714549
1095055
1174494
1143616
6926060
3123181
4139031
6750035
6676367
6073284
6531179
1897378
4079539
5462364
7353411
1795447
7325768
4904765
5891827
5174873
2961343
4719282
3536489
1379090
5524317
4207301
6136995
5323578
6975284
8175725
7509334
2153669
5117035
4784486
3098978
4549562
5299266
1820344
4839860
5902774
2189754
6889935
4337673
3792264
7193449
2609719
2774985
6902390
3448955
7236740
3793919
1576947
4228030
8061667
2095288
2283966
5596783
7869742
5537250
4195681
3417404
6033086
8263341
1459636
7431427
1950087
7395253
1962957
7676935
7233995
6651938
2099993
8235773
4500600
6446651
8348618
6866343
8133617
3405108
2674196
1452895
7174191
6634136
6930328
6083502
5414799
5758250
2253619
1234429
3864066
1429572
8130300
5430651
1550108
6328110
6885121
6247425
4047395
3871906
3899994
7022829
1484402
3346744
6066576
4013379
3749462
4687698
1979598
4898161
6242222
2137531
6550296
7854950
1797583
6430647
2952075
7370151
2824965
1729274
3249907
5653505
6910550
2985708
5910071
7947397
1689925
1429644
6368698
6429544
2340749
1525257
2935443
5450237
2005631
7487591
8096406
5825745
1731792
1997433
4828395
6064263
7734055
5554444
6299084
7746786
6089408
7159947
4115311
1072284
1501667
8330949
4059982
6848266
6145942
4439693
4817864
6084911
4730737
7921910
1721341
1023721
2177535
5978653
1448552
5948979
2650785
7661183
5829863
3481576
7941281
5269826
7921094
1038102
3281408
3818507
3360640
3206231
1642604
6571100
1372146
2577813
4007394
6758748
4110452
1624888
4922072
3213730
2075335
2801978
3566107
4833955
7425251
1901229
3124858
7451993
4740128
3488362
5703625
6977002
7540624
7296692
2162349
1986070
2022011
7483986
4710533
2303340
2956167
1424094
